0                                                                                                                                                                                                                                                                                                                                                                        0
0                                                                                                                                                                                                                                                                                                                                                                        0
0                                                                                                                                                                                                                                                                                                                                                                        0
0                                                                                                                                                                                                                                                                                                                                                                        0
0                                                                                                                                                                                                                                                                                                                                                                        0
0                                                                                                                                                                                                                                                                                                                                                                        0
0                                                                                                                                                                                                                                                                                                                                                                        0
0                                                                                                                                                                                                                                                                                                                                                                        0
0                                                                                                                                                                                                                                                                                                                                                                        0
0                                                                                                                                                                                                                                                                                                                                                                        0
0                                                                                                                                                                                                                                                                                                                                                                        0
0                                                                                                                                                                                                                                                                                                                                                                        0
0                                                                                                                                                                                                                                                                                                                                                                        0
0                                                                                                                                                                                                                                                                                                                                                                        0
0                                                                                                                                                                                                                                                                                                                                                                        0
0                                                                                                                                                                                                                                                                                                                                                                        0
0                                                                                                                                                                                                                                                                                                                                                                        0
0                                                                                                                                                                                                                                                                                                                                                                        0
0                                                                                                                                                                                                                                                                                                                                                                        0
0                                                                                                                                                                                                                                                                                                                                                                        0
0                                                                                                                                                                                                                                                                                                                                                                        0
0                                                                                                                                                                                                                                                                                                                                                                        0
0                                                                                                                                                                                                                                                                                                                                                                        0
0                                                                                                                                                                                                                                                                                                                                                                        0
0                                                                                                                                                                                                                                                                                                                                                                        0
0                                                                                                                                                                                                                                                                                                                                                                        0
0                                                                                                                                                                                                                                                                                                                                                                        0
0                                                                                                                                                                                                                                                                                                                                                                        0
0                                                                                                                                                                                                                                                                                                                                                                        0
0                                                                                                                                                                                                                                                                                                                                                                        0
0                                                                                                                                                                                                                                                                                                                                                                        0
0                                                                                                                                                                                                                                                                                                                                                                        0
0                                                                                                                                                                                                                                                                                                                                                                        0
0                                                                                                                                                                                                                                                                                                                                                                        0
0                                                                                                                                                                                                                                                                                                                                                                        0
0                                                                                                                                                                                                                                                                                                                                                                        0
0                                                                                                                                                                                                                                                                                                                                                                        0
0                                                                                                                                                                                                                                                                                                                                                                        0
0                                                                                                                                                                                                                                                                                                                                                                        0
0                                                                                                                                                                                                                                                                                                                                                                        0
0                                                                                                                                                                                                                                                                                                                                                                        0
0                                                                                                                                                                                                                                                                                                                                                                        0
0                                                                                                                                                                                                                                                                                                                                                                        0
0                                                                                                                                                                                                                                                                                                                                                                        0
0                                                                                                                                                                                                                                                                                                                                                                        0
0                                                                                                                                                                                                                                                                                                                                                                        0
0                                                                                                                                                                                                                                                                                                                                                                        0
0                                                                                                                                                                                                                                                                                                                                                                        0
0                                                                                                                                                                                                                                                                                                                                                                        0
0                                                                                                                                                                                                                                                                                                                                                                        0
0                                                                                                                                                                                                                                                                                                                                                                        0
0                                                                                                                                                                                                                                                                                                                                                                        0
0                                                                                                                                                                                                                                                                                                                                                                        0
0                                                                                                                                                                                                                                                                                                                                                                        0
0                                                                                                                                                                                                                                                                                                                                                                        0
0                                                                                                                                                                                                                                                                                                                                                                        0
0               ba                                                                                                                                                                                                                                                                                                                                                       0
0               00                  00                                                                                                                                                                                                                                                                                                                                   0
0                                   00       Gcce                                                                                                                                                                                                                                                                                                                        0
0                                   00       ECCD                                                                                                                                                                                                                                                                                                                        0
0      a              baaaa                  fddF                                                                                                                                                                                                                                                                                                                        0
0      0        ba    00000                                                                                                                                                                                                                                                                                                                                              0
0aaaaaa0aaaaaaaa00aaaa00000aaaaaaaaaaaaaaaaaaaaaaaaaaaaaaaaaaaaaaaaaaaaaaaaaaaaaaaaaaaaaaaaaaaaaaaaaaaaaaaaaaaaaaaaaaaaaaaaaaaaaaaaaaaaaaaaaaaaaaaaaaaaaaaaaaaaaaaaaaaaaaaaaaaaaaaaaaaaaaaaaaaaaaaaaaaaaaaaaaaaaaaaaaaaaaaaaaaaaaaaaaaaaaaaaaaaaaaaaaaaaaaaaaaaaaaaaaaaaaaaaaaaaaaaaaaaaaaaaaaaaaaaaaaaaaaaaaaaaaaaaaaaaaaaaaaaaaaaaaaaaaaaaaaaaaaaaaaaaaaaaaaaaaaaaaaaaaa
00000000000000000000000000000000000000000000000000000000000000000000000000000000000000000000000000000000000000000000000000000000000000000000000000000000000000000000000000000000000000000000000000000000000000000000000000000000000000000000000000000000000000000000000000000000000000000000000000000000000000000000000000000000000000000000000000000000000000000000000000
00000000000000000000000000000000000000000000000000000000000000000000000000000000000000000000000000000000000000000000000000000000000000000000000000000000000000000000000000000000000000000000000000000000000000000000000000000000000000000000000000000000000000000000000000000000000000000000000000000000000000000000000000000000000000000000000000000000000000000000000000
00000000000000000000000000000000000000000000000000000000000000000000000000000000000000000000000000000000000000000000000000000000000000000000000000000000000000000000000000000000000000000000000000000000000000000000000000000000000000000000000000000000000000000000000000000000000000000000000000000000000000000000000000000000000000000000000000000000000000000000000000
00000000000000000000000000000000000000000000000000000000000000000000000000000000000000000000000000000000000000000000000000000000000000000000000000000000000000000000000000000000000000000000000000000000000000000000000000000000000000000000000000000000000000000000000000000000000000000000000000000000000000000000000000000000000000000000000000000000000000000000000000
00000000000000000000000000000000000000000000000000000000000000000000000000000000000000000000000000000000000000000000000000000000000000000000000000000000000000000000000000000000000000000000000000000000000000000000000000000000000000000000000000000000000000000000000000000000000000000000000000000000000000000000000000000000000000000000000000000000000000000000000000
00000000000000000000000000000000000000000000000000000000000000000000000000000000000000000000000000000000000000000000000000000000000000000000000000000000000000000000000000000000000000000000000000000000000000000000000000000000000000000000000000000000000000000000000000000000000000000000000000000000000000000000000000000000000000000000000000000000000000000000000000
00000000000000000000000000000000000000000000000000000000000000000000000000000000000000000000000000000000000000000000000000000000000000000000000000000000000000000000000000000000000000000000000000000000000000000000000000000000000000000000000000000000000000000000000000000000000000000000000000000000000000000000000000000000000000000000000000000000000000000000000000
00000000000000000000000000000000000000000000000000000000000000000000000000000000000000000000000000000000000000000000000000000000000000000000000000000000000000000000000000000000000000000000000000000000000000000000000000000000000000000000000000000000000000000000000000000000000000000000000000000000000000000000000000000000000000000000000000000000000000000000000000
00000000000000000000000000000000000000000000000000000000000000000000000000000000000000000000000000000000000000000000000000000000000000000000000000000000000000000000000000000000000000000000000000000000000000000000000000000000000000000000000000000000000000000000000000000000000000000000000000000000000000000000000000000000000000000000000000000000000000000000000000